28919 
28974 
29186 
29769 
29934 
29959 
30168 
30439 
31423 
31460 
32463 
33635 
34858 
34925 
34951 
36234 
36430 
36803 
37576 
37739 
38131 
39436 
39626 
39993 
40192 
40257 
40380 
41123 
41952 
42539 
42573 
42993 
43033 
43194 
43709 
44117 
44191 
44272 
45489 
46280 
46298 
47318 
47754 
47910 
47952 
48080 
48091 
48990 
49250 
49457 
49638 
49657 
49743 
50200 
50570 
50776 
51320 
51322 
51929 
52394 
53012 
53981 
53999 
54421 
54625 
54965 
55341 
57430 
57436 
57666 
58520 
58681 
59208 
59596 
59895 
59909 
60015 
61411 
61536 
62227 
62642 
64331 
65319 
67592 
67774 
68494 
68991 
69011 
69459 
70008 
70241 
70619 
70773 
71377 
71723 
71811 
71878 
72150 
72154 
72157 
72528 
72531 
72671 
72699 
73433 
74238 
74952 
76055 
76096 
76798 
77163 
77799 
80249 
80916 
81846 
81863 
82062 
82134 
82171 
82218 
82570 
82752 
83303 
83563 
83565 
86789 
87376 
88652 
92880 
95517 
95529 
96371 
98320 
99168 
100195 
100227 
101047 
102459 
103741 
107299 
108118 
109173 
109614 
112243 
112736 
113257 
113510 
113511 
114343 
114875 
115251 
115252 
115275 
115607 
116626 
116949 
117189 
117209 
117296 
117681 
117882 
118192 
118599 
118715 
118781 
119210 
119353 
119451 
119539 
119543 
119749 
120351 
120356 
120363 
120401 
120474 
120543 
120739 
120909 
121395 
121616 
122370 
122580 
122728 
122742 
123212 
123423 
123612 
123695 
124105 
124654 
124808 
124999 
125101 
125405 
125475 
125480 
125699 
125810 
126328 
128128 
128237 
128618 
128655 
128699 
128744 
129525 
129566 
130300 
130837 
130869 
131505 
131932 
131933 
132130 
132349 
132591 
132926 
133117 
133307 
134541 
135001 
135068 
135780 
136665 
136707 
138143 
138171 
138215 
138219 
138223 
138286 
138540 
141956 
142165 
145086 
145693 
145950 
146546 
147701 
147801 
148388 
148409 
148536 
148537 
148545 
148693 
148727 
148737 
148786 
148908 
148972 
149071 
149289 
149305 
150271 
150671 
151182 
151673 
151845 
151938 
152257 
152366 
152388 
152589 
152631 
152848 
152871 
152873 
153490 
153535 
153845 
154332 
155148 
155238 
155972 
156904 
156962 
158412 
158573 
158624 
159896 
161217 
173602