14654 56d7d44784ad7e2547a3e9a0ea84e65586278aec
58185 c0a3d8afca03ba4a7fab48f55d3147b11c11b8d6
75739 90ec89fa4cf090b09860b44b1ea372f41ab1cdef
77948 e181b6e9188cddf2a587544c0109556e814864e2 1b94542e397a999898bd881450caadc848cde4e3
78548 80655505c378a6c724f27ab9fd5e89b9aec1adc6 3b0705af4949799a7bdad553d998188a5ae0bb41
78559 c3babe73736dabc765cb0e6ff100cd524ced3529
78634 5c18af56c06eac42b5c0bdd457840f7f5340884f
78854 0e625ec767979d6e48049d14afe483143aa90d70 ea2088161ff11ba4c1bcfcca3d37b7e836f9e64f
78856 0f96528ea2a3b6a7cf0fc3e31de6e6cf83ba29e9 3f80b7f1339b99fc7962aab777b25f299d7ffe37 	b13a308104b244a10793a913fb02653be04b87a7 c58d7dd20fe50ce168785280084338db9be5605f 662c4fb9a2cc250dcf2afa2987b1cba43da86c4a 7d481647e73715306125bcc9ea26c31b2bd63960 bfe61d6cd3bc8e25ba6d360cebaad7477dd579c8
79107 091665570745aef222f626bdb7bde8ef106df286 3e1412832c437c4b4192bd508a7ca98ba639ef47 f302f87369c16404fa6c4d15137c2070c9b0c600 5aa729a4435cbc3bc39b7010a99ea938c612d744 	19d2569ce5ee65765596a132b9028fabd8dd8542 02dc114b9675bb653f66a27101cc4acf22e3be3f 2d963a5f8053950432c47f2f10c67d3d35d59661 7460f398f4aff7bc31e8034651e2181376b83e54
79268 
79419 
79481 
80120 
80276 
80506 
80830 
81242 
81264 
81265 
81834 
82277 
82346 
82500 
82905 
83251 
83262 
83408 
83699 
84012 
84557 
84609 
84906 
84911 
85072 
86000 
86294 
86631 
87363 
87460 
87676 
87855 
87997 
88717 
88829 
89533 
90018 
90258 
91159 
91317 
92013 
92017 
92181 
92241 
92341 
92612 
92757 
93380 
93724 
94467 
94598 
94603 
95410 
96053 
96916 
97177 
97651 
97678 
97745 
99145 
99266 
99376 
100040 
100095 
100387 
101354 
102756 
102794 
103863 
103976 
104150 
104545 
104966 
105772 
106289 
106372 
107145 
108236 
108591 
108769 
108792 
108813 
111259 
112358 
113971 
115947 
117574 
119192 